-0.076110
0.322799
2.016272
1.139496
0.246303
-0.122164
0.298044
-0.039149
-0.023942

0.276837
0.483382
2.290653
1.058689
0.062653
-0.129571
0.227115
-0.037604
-0.025564

-0.208877
-0.066461
1.840165
1.303237
0.274222
-0.373700
0.127844
-0.004990
-0.014514

-0.174306
-0.005933
1.549287
1.477203
0.346667
0.153537
0.069323
-0.024958
0.020692

-0.036713
0.109320
1.935190
1.009872
0.164461
0.507621
0.176760
0.016371
0.017091

0.315923
0.719078
0.927431
0.971633
0.786948
-0.756939
-1.369009

-1.195119
0.613944
2.044282
1.590345
0.762610
-1.531272
-1.147301

-0.923898
0.832924
1.671891
1.051873
0.618083
-1.107344
-1.582133

0.303167
0.872243
1.758175
0.042396
0.990761
-1.772176
-0.935102

-0.967210
0.979374
1.844203
0.899490
0.388052
-0.765798
-2.207693

